  100.00  0.33406E+10  0.018
  110.00  0.35910E+10  0.019
  120.00  0.19150E+10  0.010
  130.00  0.86233E+09  0.005
  140.00  0.70524E+09  0.004
  150.00  0.10138E+10  0.005
  160.00  0.17444E+10  0.009
  170.00  0.26911E+10  0.014
  180.00  0.49256E+10  0.026
  190.00  0.84314E+10  0.045
  200.00  0.11937E+11  0.063
  210.00  0.15443E+11  0.082
  220.00  0.19770E+11  0.105
  230.00  0.26373E+11  0.140
  240.00  0.34777E+11  0.184
  250.00  0.45276E+11  0.240
  260.00  0.58105E+11  0.308
  270.00  0.73384E+11  0.389
  280.00  0.91027E+11  0.482
  290.00  0.11065E+12  0.586
  300.00  0.13147E+12  0.696
  310.00  0.15223E+12  0.806
  320.00  0.17107E+12  0.906
  330.00  0.18525E+12  0.981
  340.00  0.18853E+12  0.999
  350.00  0.18664E+12  0.989
  360.00  0.18313E+12  0.970
  370.00  0.17828E+12  0.944
  380.00  0.17239E+12  0.913
  390.00  0.16571E+12  0.878
  400.00  0.15849E+12  0.840
  410.00  0.15096E+12  0.800
  420.00  0.14328E+12  0.759
  430.00  0.13560E+12  0.718
  440.00  0.12804E+12  0.678
  450.00  0.12068E+12  0.639
  460.00  0.11358E+12  0.602
  470.00  0.10680E+12  0.566
  480.00  0.10035E+12  0.532
  490.00  0.94242E+11  0.499
  500.00  0.88491E+11  0.469
  510.00  0.83092E+11  0.440
  520.00  0.78035E+11  0.413
  530.00  0.73308E+11  0.388
  540.00  0.68897E+11  0.365
  550.00  0.64785E+11  0.343
  560.00  0.60955E+11  0.323
  570.00  0.57390E+11  0.304
  580.00  0.54073E+11  0.286
  590.00  0.50987E+11  0.270
  600.00  0.48115E+11  0.255
  610.00  0.45443E+11  0.241
  620.00  0.42955E+11  0.228
  630.00  0.40639E+11  0.215
  640.00  0.38480E+11  0.204
  650.00  0.36469E+11  0.193
  660.00  0.34592E+11  0.183
  670.00  0.32841E+11  0.174
  680.00  0.31205E+11  0.165
  690.00  0.29676E+11  0.157
  700.00  0.28246E+11  0.150
  710.00  0.26908E+11  0.143
  720.00  0.25654E+11  0.136
  730.00  0.24478E+11  0.130
  740.00  0.23375E+11  0.124
  750.00  0.22340E+11  0.118
  760.00  0.21366E+11  0.113
  770.00  0.20451E+11  0.108
  780.00  0.19590E+11  0.104
  790.00  0.18778E+11  0.099
  800.00  0.18013E+11  0.095
  810.00  0.17292E+11  0.092
  820.00  0.16610E+11  0.088
  830.00  0.15967E+11  0.085
  840.00  0.15358E+11  0.081
  850.00  0.14782E+11  0.078
  860.00  0.14236E+11  0.075
  870.00  0.13720E+11  0.073
  880.00  0.13229E+11  0.070
  890.00  0.12764E+11  0.068
  900.00  0.12323E+11  0.065
  910.00  0.11903E+11  0.063
  920.00  0.11504E+11  0.061
  930.00  0.11124E+11  0.059
  940.00  0.10763E+11  0.057
  950.00  0.10418E+11  0.055
  960.00  0.10090E+11  0.053
  970.00  0.97768E+10  0.052
  980.00  0.94779E+10  0.050
  990.00  0.91925E+10  0.049
 1000.00  0.89198E+10  0.047
end